1.0,0.7313459990544353,0.7797355747718555,0.7372147985870253,0.6250685944512816,0.5804938873130294,0.6378918677078133,0.622564614711744,0.6618003846841846,0.6212419455911645,0.6671242960189238,0.619445497546626,0.6641529633175419,0.6377019668091585,0.6878295155401517,0.6343132235273372,0.6430879826952783,0.5682187400387311
0.7313459990544353,1.0,0.7367099540770129,0.7003175532017387,0.6126315866274935,0.5535268052063889,0.5728491083940158,0.5979125626468784,0.6358392746525742,0.6267374826765624,0.6953064723464171,0.6222504907684437,0.7073441892846296,0.6094777024140584,0.6548776256268841,0.649192031127325,0.6473343777934105,0.5126176623777448
0.7797355747718555,0.7367099540770129,1.0,0.8159122479545037,0.6525990676848424,0.5983542671590757,0.6225719233392737,0.6319052411145685,0.6885964630889917,0.6437807344465227,0.7157490424122481,0.6476656307008856,0.6782765687953823,0.6508280257310285,0.7085113621132928,0.6477222435607435,0.6714894279862976,0.541548167541929
0.7372147985870253,0.7003175532017387,0.8159122479545037,1.0,0.7193488973061655,0.6591518563669537,0.6258192194096358,0.6945935313229229,0.7431165299308327,0.6741883460921345,0.7182921995171524,0.7018651245808826,0.6219721566156551,0.6954627996904185,0.7136452958963938,0.6613115407815425,0.6972647028092672,0.5916542760283207
0.6250685944512816,0.6126315866274935,0.6525990676848424,0.7193488973061655,1.0,0.8373334867127582,0.7148548633671603,0.841901694668355,0.7461707176803637,0.7900269682625152,0.7014977257265634,0.76199065653608,0.632964084310219,0.7506188641867424,0.774867908187561,0.7079850207080997,0.7974477627047835,0.598341319613377
0.5804938873130294,0.5535268052063889,0.5983542671590757,0.6591518563669537,0.8373334867127582,1.0,0.7989120212020898,0.8662283626274693,0.712232639227484,0.7240884302931921,0.6482913350647433,0.7532163256441763,0.5996198963251814,0.7575351941639342,0.7283988098572604,0.6453371487083116,0.776368973443454,0.6835248862305825
0.6378918677078133,0.5728491083940158,0.6225719233392737,0.6258192194096358,0.7148548633671603,0.7989120212020898,1.0,0.7409736278514961,0.6655722661041629,0.598392606430238,0.6532444126646992,0.6987787032145171,0.6079331740762522,0.7391078322534087,0.6756287040837948,0.6147224951533726,0.7019749758130306,0.756858605023046
0.622564614711744,0.5979125626468784,0.6319052411145685,0.6945935313229229,0.841901694668355,0.8662283626274693,0.7409736278514961,1.0,0.7435282272751168,0.7518471443473889,0.6936534959957973,0.7482025138340038,0.631629614785809,0.7378333121488936,0.7646989772413644,0.6856466998306526,0.7818157952925051,0.6382965356039679
0.6639832354064858,0.6381252734470214,0.6907205865170399,0.7449606614006425,0.74802934157989,0.7142656513667482,0.6677059819575355,0.7453414781857925,1.0,0.73828869121316,0.7648892956549286,0.8188455003306424,0.6865273204392638,0.7635614857686622,0.712582375031455,0.6024886307778644,0.6818608291010105,0.585858912374506
0.6212419455911645,0.6267374826765624,0.6437807344465227,0.6741883460921345,0.7900269682625152,0.7240884302931921,0.598392606430238,0.7518471443473889,0.736300552101274,1.0,0.6701991725832418,0.7205699114919341,0.6559851581579872,0.6835388952079017,0.707859413725938,0.7019725631534905,0.7231896548525589,0.5588767465693122
0.6693382615932859,0.6972973322148267,0.7177286581565966,0.7203046811096412,0.7035969154100098,0.6506495858278168,0.6554119810875964,0.6957346489186138,0.7648892956549286,0.6724145107061618,1.0,0.7282401066282097,0.7499924475534511,0.6920994799205498,0.688714670566594,0.6253931561984812,0.668423959657367,0.5455814278290886
0.6218676438590823,0.6245943570190229,0.6500367297609068,0.7039913604875282,0.7637505874885925,0.7550271048072029,0.7008681940837874,0.7500871733992902,0.8188455003306424,0.7226006667131667,0.7282401066282097,1.0,0.6631775327537994,0.8586612225970275,0.6614111444976727,0.6020248660309528,0.7129030614523622,0.6306275767762742
0.6668147484378814,0.7095863116922301,0.6807896102936725,0.6249091372653016,0.6359402456557313,0.6026042890960799,0.6107053782753716,0.634537239398188,0.6869752821573366,0.6586823208867524,0.7503705128255606,0.6636422639276831,1.0,0.6401090956397985,0.6672618150783761,0.6417614671580952,0.670611993320657,0.5091279640010242
0.6400383408634519,0.6119076726560502,0.6531663048626185,0.6976298288119244,0.7524008513118163,0.7592916822731043,0.7410068705470847,0.7397513094051688,0.7635614857686622,0.6856872328019418,0.6920994799205498,0.8586612225970275,0.6396200788914702,1.0,0.6655994959317127,0.6086776087832608,0.74939060787518,0.6822106251913821
0.6878295155401517,0.6548776256268841,0.7085113621132928,0.7136452958963938,0.774867908187561,0.7283988098572604,0.6756287040837948,0.7646989772413644,0.7106288446854233,0.707859413725938,0.6866011208545858,0.6591766456645501,0.6645473412302624,0.6634209230388763,1.0,0.7688951533371381,0.7753455935429932,0.5711463450046215
0.6374246458905511,0.6521411241327425,0.6506766539313465,0.6640746012826754,0.7107447447258521,0.648392785053582,0.6179834726235351,0.6885195567813399,0.6033383330419688,0.7047359112014654,0.6261830040663571,0.6028394318116613,0.6420432636517878,0.6094886589497294,0.7711975990517069,1.0,0.777596835717009,0.5448855169562695
0.6430879826952783,0.6473343777934105,0.6714894279862976,0.6972647028092672,0.7974477627047835,0.776368973443454,0.7019749758130306,0.7818157952925051,0.6796050224127631,0.7231896548525589,0.6661085361207063,0.7109098476309184,0.6679077288243686,0.7477409828132199,0.7753455935429932,0.7752976419903828,1.0,0.5880078913169693
0.5682187400387311,0.5126176623777448,0.541548167541929,0.5916542760283207,0.598341319613377,0.6835248862305825,0.756858605023046,0.6382965356039679,0.5833481932195185,0.5588767465693122,0.5430753578862934,0.628255561854187,0.50613060527504,0.6800117169770289,0.5711463450046215,0.541619943987616,0.5880078913169693,1.0
1.0,0.764689553244159,0.7107245788194482,0.7796205671590082,0.5606185211740095,0.5525045810484207,0.5644510362739159,0.567906885196449,0.5269944993105972,0.5889638380545458,0.6029760867982636,0.5297451877945205,0.6871587288128204,0.5787700327412643,0.6734164676701658,0.6470502608206631,0.621019594046251,0.6173629133702193
0.764689553244159,1.0,0.7242337786623091,0.7853763656814122,0.578580733049642,0.5550777090422883,0.5912614923968662,0.568425387904204,0.525866498127367,0.5781741723992324,0.6469750648103905,0.5466265224983718,0.6908219275969412,0.599395052801525,0.6814808148626191,0.6416159636184027,0.6234288512475555,0.635520689059228
0.7107245788194482,0.7242337786623091,1.0,0.6931472796751826,0.5768490649727053,0.5727861201442246,0.5646059862858205,0.5871722304272183,0.5196318303521207,0.5641641636034663,0.6229820101497093,0.5511353099878485,0.5711732558003758,0.5735109326689769,0.604328443543251,0.6464798817301403,0.5863720764233951,0.757679756003518
0.7796205671590082,0.7853763656814122,0.6931472796751826,1.0,0.5657363064188047,0.547233171792871,0.5778339460362697,0.5507515457475453,0.515724650117817,0.5756678088111437,0.5948738527938874,0.5222893695734442,0.6815892740737789,0.5703810542188406,0.6847767416378501,0.6390223799569463,0.6259609893123119,0.6054381290772199
0.5612181407384244,0.5791432843563945,0.5774112445091092,0.5663293673287223,1.0,0.9026593035170896,0.8509527693590252,0.8977335313213902,0.7986795436594614,0.7748204883916898,0.7665814746308591,0.8308297391791002,0.6547588320016262,0.7989532164885075,0.7316672408888579,0.7005024240002123,0.7722724622458058,0.6127255133360365
0.5525045810484207,0.5550777090422883,0.5727861201442246,0.547233171792871,0.9024408786455002,1.0,0.8388442337558434,0.9068711577977782,0.8222581078112352,0.7599305978345456,0.7744861094637496,0.8445420353704889,0.6527040413765446,0.8016065246435674,0.7107157420423801,0.6835419628742613,0.7439079155796033,0.6149005406849758
0.5756942655131331,0.6015439068588172,0.5750837373345511,0.5887604094048501,0.8564315572709433,0.8449284645823413,1.0,0.8548782721117646,0.775924418348584,0.8250286988609377,0.7569247736936555,0.7996348777896581,0.7240613158178176,0.7826512424396341,0.7467381083613547,0.7086895090069679,0.7541746512804434,0.5592892870969056
0.567906885196449,0.568425387904204,0.5871722304272183,0.5507515457475453,0.897502942286479,0.9068711577977782,0.8491290181148413,1.0,0.7944019452753683,0.7821509743381304,0.7763624940536197,0.8191798152166903,0.6630941930406502,0.8363667537856285,0.7346666342043976,0.7214323429733955,0.7602437638679813,0.619292777128138
0.53559328499776,0.5343744255172229,0.5282909184065149,0.5246027874942587,0.8035145806075136,0.8269726074302274,0.7739619393823735,0.7998607665165398,1.0,0.7647510788311965,0.7763078508755502,0.8639822933583758,0.6605422914565414,0.8032639517918163,0.6900780626579047,0.6656549537536068,0.7502978121791197,0.5744656094596158
0.6040914531854784,0.5928634379486256,0.578942063033093,0.5910997758220737,0.7851303512251112,0.7714204899033877,0.8276708960763538,0.7926990958987451,0.7700994815020282,1.0,0.7284417466232899,0.722142830406805,0.6902145258836163,0.7639470140811108,0.7319332328085988,0.7236643431601109,0.7134878253044082,0.5860825063569308
0.6105329396240835,0.653675960411153,0.6301495306079116,0.6027805431851395,0.7717614278619086,0.7798538382481762,0.7546924451314294,0.7817556565151027,0.7760952662903385,0.7226347069936904,1.0,0.7988138723807993,0.6736747305485519,0.828747355018343,0.7655477774397613,0.7351282819988699,0.7391550887787743,0.6128299105161098
0.5297451877945205,0.5466265224983718,0.5511353099878485,0.5222893695734442,0.8305136200635093,0.8445420353704889,0.792532370496692,0.8191798152166903,0.8601189852043358,0.7092387157535547,0.7936583390484776,1.0,0.6547846522116509,0.8341839352089332,0.7016601296509121,0.669950294167673,0.7420803559487332,0.5927552568886466
0.6881309973519439,0.6917831346287334,0.5723551171182798,0.6825991418111719,0.6552358957101564,0.6536944258693186,0.7170318899899871,0.6640574326101188,0.6544286899695668,0.6779828374641754,0.6680551776724478,0.6557501776862483,1.0,0.6588194996037596,0.7332565323276231,0.6663051179360122,0.6424715497297716,0.5257793870302442
0.5787700327412643,0.599395052801525,0.5735109326689769,0.5703810542188406,0.7985624106078925,0.8016065246435674,0.7748739744133742,0.8363667537856285,0.7979104813279583,0.7531081617740037,0.8239754192270655,0.8341839352089332,0.657854986245335,1.0,0.7574145321240936,0.7440047482513483,0.7675576333080141,0.611360467762636
0.6744205734765129,0.6824002262080561,0.605453759491266,0.6857478584189128,0.7320932571371128,0.7116455295154637,0.7391255473051007,0.7355219052416674,0.6839522666987173,0.7209872439592412,0.7609036074879997,0.7026077188382486,0.7332565323276231,0.7582102081327006,1.0,0.7915611438885333,0.7726760091113992,0.5802586262520929
0.6480960130423357,0.6426501981166315,0.6475291352876115,0.6400750903552986,0.7009849637415916,0.6845515864067396,0.7003615888357659,0.7223378344473398,0.6592997201053744,0.7125839301531139,0.7299764389272226,0.6709501753848753,0.6663051179360122,0.7448067127496655,0.7915611438885333,1.0,0.7740696522097285,0.6538982813255055
0.621019594046251,0.6234288512475555,0.5863720764233951,0.6259609893123119,0.7718483985862044,0.7439079155796033,0.7455588446214363,0.7602437638679813,0.7444682224711374,0.7004490133946564,0.7331227596688098,0.7420803559487332,0.6414332924422376,0.7675576333080141,0.7718409911699192,0.7732742094082115,1.0,0.5880453163795548
0.6250311090546755,0.642678150277172,0.7631595633578452,0.6131878334478871,0.6196446362850775,0.6221676840625511,0.5562980097030772,0.6266973121231013,0.5743170771806898,0.5786536170729927,0.6129792125803926,0.6002251606267298,0.533385862970173,0.6188583326531821,0.587096719260129,0.6602059823658865,0.5958025330492789,1.0
1.0,0.6808669356996685,0.6920621108076895,0.7541592033562519,0.6325227529438232,0.6139422414040061,0.6358000636472018,0.6171289434153383,0.6515304017895612,0.6061087346021795,0.6885279435277876,0.6185879185984761,0.6075464830547532,0.7091724687728993,0.6693929939052651,0.6839840376719284,0.6533687202168434,0.6287786817329505
0.6928534363650106,1.0,0.6766620028829999,0.7456026463386555,0.6725743198043781,0.6336060562979572,0.639367037037765,0.665961287978579,0.63544008178075,0.6375556528042862,0.6531471048086203,0.6496685496230618,0.6455126527672469,0.7201523203616927,0.6459219932888666,0.6393248751856199,0.582101961045113,0.6020391984236254
0.6920621108076895,0.6644651583950965,1.0,0.8122128166005428,0.5996280385067212,0.6016195144374686,0.6068270317324852,0.5792384300344534,0.7267925241991998,0.6011821720857963,0.6360292965775892,0.6708176849076531,0.7275521601217606,0.5919086542860144,0.6405685042646115,0.6609415171716175,0.6974771792945673,0.6150805925736065
0.7541592033562519,0.7349586449374144,0.8122128166005428,1.0,0.61307423404505,0.5817364585715453,0.5988329245443725,0.594772330631729,0.7006124078944677,0.6005861478057372,0.653209980163972,0.6686922751748222,0.6930006122084177,0.6535284284916071,0.6322406532046958,0.6551803895061437,0.6775583769316968,0.6064364372130265
0.6325227529438232,0.660498323183134,0.5996280385067212,0.61307423404505,1.0,0.8099326992982085,0.8066053118245632,0.8584974131293072,0.6688540927008364,0.8242879045745859,0.6868378695612124,0.7271281205421395,0.5710570895697337,0.737155084711984,0.6931875532785261,0.6651192518879226,0.6355441461563559,0.6777987023224189
0.6139422414040061,0.621118773863859,0.6016195144374686,0.5817364585715453,0.8099326992982085,1.0,0.8334646100913016,0.8457100628803085,0.6959668150575596,0.8499495964992082,0.6684194075968085,0.7392419139266565,0.6047766438392571,0.6964757327972834,0.6761345128860254,0.6588006932250994,0.6681312128372386,0.661411683301126
0.6358000636472018,0.6265378591806976,0.6068270317324852,0.5988329245443725,0.8066053118245632,0.8334646100913016,1.0,0.8400566184227412,0.693736980031446,0.8396898694725691,0.6825302856630486,0.7083758038671032,0.5818818888106913,0.6822934511326549,0.6667177234098044,0.636260354953076,0.6678554610209194,0.6796851501165205
0.6171289434153383,0.6539141299491876,0.5792384300344534,0.594772330631729,0.8584974131293072,0.8457100628803085,0.8400566184227412,1.0,0.6397433172282426,0.877549283558972,0.6933758971488269,0.7327628097086286,0.589662229509487,0.7523150081864595,0.6897783552191358,0.6560209892349591,0.6440429357261497,0.6929686744994848
0.6752664180361124,0.6467724145466873,0.7466060169322359,0.721588391896891,0.6924591513989725,0.7187813153600903,0.715523795206526,0.6650607618238793,1.0,0.6975082232068117,0.7078538499306846,0.7842998571876425,0.669948898758577,0.632060947881171,0.6802097086902551,0.6876698580775334,0.7357615962619949,0.6751953869873196
0.6061087346021795,0.624172112027953,0.6011821720857963,0.6005861478057372,0.8242879045745859,0.8499495964992082,0.8396898694725691,0.877549283558972,0.6737120167291559,1.0,0.6821905149510116,0.7490099304990853,0.5974164783287123,0.7386809772443484,0.6995462630419264,0.681516445535106,0.6293844602672931,0.6860094503502916
0.6937228621591361,0.6458519184124519,0.6416360531427965,0.6588073801961796,0.6920810644788508,0.6737128566878003,0.687736114177758,0.6984500525466267,0.6914505865160528,0.6874995712049428,1.0,0.6915228724212027,0.5865700337949251,0.7081269780229147,0.6507045276730619,0.6567783899406346,0.6063694402061789,0.6862954403950482
0.6185879185984761,0.6369555121432997,0.6708176849076531,0.6686922751748222,0.7271281205421395,0.7392419139266565,0.7083758038671032,0.7327628097086286,0.7657094832962809,0.7490099304990853,0.6860695398531295,1.0,0.6286593827721002,0.7101149263256342,0.6605946000914317,0.6670502745363524,0.6710167901579078,0.6319998851384062
0.6202049701989455,0.6447934352960378,0.7371887682919575,0.7044587884989678,0.5848303782139911,0.6173206387051443,0.595187680855297,0.6026515498929964,0.6577601654314691,0.6102418710122465,0.5934863192166245,0.6413661629710624,1.0,0.6118224135852613,0.6541149733736201,0.6733782431283563,0.702204523699124,0.6444367497266522
0.7091724687728993,0.7093372219927901,0.5919086542860144,0.6535284284916071,0.737155084711984,0.6964757327972834,0.6822934511326549,0.7523150081864595,0.6055861429485422,0.7386809772443484,0.7029326195432967,0.7101149263256342,0.5991595897603531,1.0,0.640920869210508,0.6542171737694206,0.5804805507685235,0.6538450804794752
0.6693929939052651,0.6334397612885401,0.6405685042646115,0.6322406532046958,0.6931875532785261,0.6761345128860254,0.6667177234098044,0.6897783552191358,0.6563625144880193,0.6995462630419264,0.6451026195880117,0.6605946000914317,0.6424308629328094,0.640920869210508,1.0,0.7956009789073697,0.7185113986220184,0.7402338704945745
0.7088996688625281,0.6539965749220403,0.6867367584255467,0.6817786347784965,0.691565754302473,0.6862828830248615,0.6655551874077071,0.6833115163828413,0.6908140634929812,0.7071362917156622,0.6780339984795337,0.6929795786564545,0.6876107732383049,0.6803883389804648,0.8147583366873327,1.0,0.7049735511002702,0.7855297888840173
0.6533687202168434,0.5682266386162556,0.6974771792945673,0.6775583769316968,0.6355441461563559,0.6681312128372386,0.6678554610209194,0.6440429357261497,0.7150321561175872,0.6293844602672931,0.6003031717441293,0.6710167901579078,0.6914836149306919,0.5804805507685235,0.7185113986220184,0.6794067739907632,1.0,0.6286523898962022
0.6560849321478067,0.6175423342011399,0.6434265403642107,0.6354529235507301,0.7033676867912052,0.688392770425466,0.7056576125841003,0.7172895060018373,0.6781779005259553,0.7113298308917363,0.705563732556253,0.6605463257579137,0.6593907722865627,0.6791357747848635,0.7617240503637133,0.7855297888840173,0.6567376355191437,1.0
1.0,0.7363459530191426,0.7914157706140564,0.761701532664171,0.7257205168921205,0.7141100783002171,0.7245037744192064,0.711007841233844,0.6512295379587308,0.6765951852988406,0.7066613234842167,0.6783594845020927,0.7253143963532754,0.6830774796417041,0.6851613531463058,0.7378786979378562,0.6386708233781205,0.6371158040619392
0.7363459530191426,1.0,0.7810167879876618,0.7837815934293474,0.6810653452298204,0.6867493444401834,0.6520781783198183,0.6812498185757967,0.6480317686920574,0.6642906997140884,0.6735503326270745,0.6634036130195753,0.7225404363720663,0.6802112771201393,0.6345166183279765,0.644059191492346,0.600669220200905,0.6504467500416792
0.7914157706140564,0.7810167879876618,1.0,0.8774909683443023,0.650708799271576,0.684312183759446,0.6490931087387798,0.6669967117026753,0.6229595256958703,0.630912118314722,0.6588217339163401,0.6316916940071479,0.7320632483398933,0.6533391096456498,0.7094168134038696,0.7712218283681999,0.6601548480697313,0.6533295634155359
0.761701532664171,0.7837815934293474,0.8774909683443023,1.0,0.6452862970668453,0.6582489585143861,0.6329107775920841,0.6553342303148798,0.6067046367775393,0.6161745951970097,0.6444391293224873,0.6377285232884186,0.7168885991643262,0.6582252602654919,0.6718115469848165,0.7143714012012129,0.6261957111177665,0.645025937918614
0.7257205168921205,0.6810653452298204,0.650708799271576,0.6452862970668453,1.0,0.8505721273676153,0.8912016037027247,0.8914443371259096,0.7875212334335453,0.8319664930954742,0.7575259145667811,0.7988207889806409,0.6935308444528321,0.8255646241654068,0.6072688001295498,0.598520731443443,0.5810494919999973,0.6057956581786471
0.7141100783002171,0.6867493444401834,0.684312183759446,0.6582489585143861,0.8505721273676153,1.0,0.8672297532242869,0.8720388011122718,0.738812271751819,0.7923762844949397,0.708200469308756,0.7411074416679052,0.7400057498419536,0.7392847574195645,0.685202449340732,0.670875944569651,0.6458418294552567,0.6603650885205504
0.7245037744192064,0.6520781783198183,0.6490931087387798,0.6329107775920841,0.8912016037027247,0.8672297532242869,1.0,0.9046582939158473,0.7902386656695087,0.8395285312730247,0.7578099882792019,0.7784295054371196,0.6933995937712014,0.7928840916085904,0.6303104473757618,0.6202349228175695,0.5936104609248494,0.6260830900084832
0.711007841233844,0.6812498185757967,0.6669967117026753,0.6553342303148798,0.8914443371259096,0.8720388011122718,0.9046582939158473,1.0,0.7708119290096992,0.8579490370830554,0.7314437972539531,0.7835902866572656,0.6916869954525722,0.7921745028681033,0.623854065608036,0.6197228805430789,0.592069386873921,0.6360202316225148
0.6512295379587308,0.6480317686920574,0.6229595256958703,0.6067046367775393,0.7875212334335453,0.738812271751819,0.7902386656695087,0.7708119290096992,1.0,0.8038644910621461,0.7926758573547937,0.8510772389301028,0.622633836500207,0.832885149001099,0.5917998180056337,0.5665382673048719,0.5727439863320308,0.5629176599674192
0.6765951852988406,0.6642906997140884,0.630912118314722,0.6161745951970097,0.8319664930954742,0.7923762844949397,0.8395285312730247,0.8579490370830554,0.8038644910621461,1.0,0.7162139934959749,0.7806617427938997,0.6689931113348188,0.7516802511330672,0.5957535417718914,0.584099873396125,0.5602292521984488,0.6066688027086521
0.7066613234842167,0.6735503326270745,0.6588217339163401,0.6444391293224873,0.7575259145667811,0.708200469308756,0.7578099882792019,0.7314437972539531,0.7926758573547937,0.7162139934959749,1.0,0.76610955078982,0.6531648533531488,0.7898117448859093,0.6050706715064614,0.5991358987064614,0.6123609551187473,0.57308854763955
0.6783594845020927,0.6634036130195753,0.6316916940071479,0.6377285232884186,0.7988207889806409,0.7411074416679052,0.7784295054371196,0.7835902866572656,0.8510772389301028,0.7806617427938997,0.76610955078982,1.0,0.6245899780815477,0.8773692378119136,0.5681659747172875,0.5559766439052618,0.5443524154721119,0.5268953841650564
0.7253143963532754,0.7225404363720663,0.7320632483398933,0.7168885991643262,0.6935308444528321,0.7400057498419536,0.6933995937712014,0.6916869954525722,0.622633836500207,0.6689931113348188,0.6531648533531488,0.6245899780815477,1.0,0.6203756402299275,0.7145082104667789,0.7381360730720847,0.6578748773903331,0.6905683779737056
0.6890113564300627,0.6864250674295119,0.6598757088622857,0.6646250962862786,0.8296786268770665,0.7450396415653721,0.7976415970669501,0.7969340802378388,0.8370448302756418,0.7571545680248063,0.7944764161096912,0.8807303098691729,0.627298399720403,1.0,0.5703629062158936,0.5505032167002318,0.5438397747418922,0.5319533125678279
0.6979077437035128,0.6484948816697881,0.7214132297169815,0.6849699524821015,0.6225931567098626,0.6982413560186959,0.6446984997029027,0.6387862065041198,0.607537508353601,0.6108509351528387,0.6203124630243287,0.5840998503181624,0.7264258826647351,0.578691173726407,1.0,0.7725233184578636,0.7745735481942742,0.7045661801362121
0.7560735458140583,0.6674087691758476,0.7869854483492107,0.734712117409201,0.6244695007739273,0.693136631586411,0.6444298167071687,0.6442913594699733,0.5924884745950736,0.6097317180012295,0.6233846172293792,0.5822940628177579,0.7564253653828258,0.5696391444609542,0.7796650895715467,1.0,0.7409214128295215,0.7250084451752844
0.6499930719908849,0.6126229256824595,0.671110086449812,0.6376955614022841,0.5937897552316936,0.6572570144479116,0.6061719918387728,0.6047291893009031,0.5853921086346378,0.573341292050457,0.6237633135807549,0.5573898682204487,0.6693696190336059,0.5492081041438593,0.7724190984819224,0.7304483252553767,1.0,0.6817547375184057
0.6630904376361305,0.676073620849318,0.6796382747194906,0.6709353551702916,0.6327903829597677,0.6849935001712483,0.6514902674458581,0.6619194850323574,0.590841640025323,0.633074632644347,0.5997547008071323,0.5567678948332279,0.7129591777091183,0.5539362083389544,0.7146217502631403,0.7272109990884085,0.6950572849193289,1.0
1.0,0.7313061594405429,0.7274087820040505,0.6960629047020469,0.6682199526259204,0.6886093483987173,0.6919744505809299,0.6761430630851505,0.6211009779821606,0.6510639394752077,0.7363213244649546,0.7204406312949656,0.7095135980527912,0.7278181964468051,0.5823227877207399,0.56631320835906,0.6280846598036417,0.6098686718147349
0.7313061594405429,1.0,0.8190997060823522,0.8399990357799633,0.6546872376104459,0.6573125161117507,0.63241250779493,0.6672755161146959,0.6199084055752787,0.6192918185845571,0.7337472992336783,0.7241536135602086,0.7273225749308061,0.7066676869929788,0.6317755860539259,0.663070316816598,0.6394072734583361,0.5144414903748352
0.7274087820040505,0.8190997060823522,1.0,0.8670139057385744,0.6452920362664812,0.6460557210673107,0.6247015406121861,0.6494363304416443,0.6442614669807862,0.5583366676928533,0.6998327032655475,0.6734820427707128,0.6757098299060401,0.7043486139771057,0.6329572557434636,0.6975522872692596,0.6285845068739295,0.4779059190762
0.6960629047020469,0.8399990357799633,0.8670139057385744,1.0,0.6164436930378852,0.6273930596704639,0.60876280074952,0.6332744304618092,0.6254031892630835,0.5622210146683,0.7001064509000331,0.7087957457217618,0.6842840878954783,0.6918694049988918,0.6275880061073161,0.7206347249164825,0.6296234576082708,0.4714098806257274
0.6682199526259204,0.6546872376104459,0.6452920362664812,0.6164436930378852,1.0,0.8811083394285918,0.8727269993096808,0.8880484573130185,0.7384842242928302,0.7532882704944669,0.6923398053988321,0.7047066501076644,0.6946549393993541,0.7143911989699774,0.6856479491353316,0.5673935629075181,0.7616622255820177,0.6179810940612683
0.6886093483987173,0.6573125161117507,0.6460557210673107,0.6273930596704639,0.8811083394285918,1.0,0.8935471004707555,0.928289502340867,0.7358946687678164,0.7666512008869256,0.69127944295204,0.7328518306685491,0.7218417470326948,0.7236934889515293,0.6706012674054206,0.5489428672367195,0.7326536774687384,0.63627473258657
0.6919744505809299,0.63241250779493,0.6247015406121861,0.60876280074952,0.8727269993096808,0.8935471004707555,1.0,0.8816828178203142,0.7573807224385914,0.798885880151793,0.6916838851440144,0.7052564284145232,0.7103979163395214,0.7095732655522471,0.6445376814495513,0.5228078625707532,0.7384622879731424,0.667876244114146
0.6761430630851505,0.6672755161146959,0.6494363304416443,0.6332744304618092,0.8880484573130185,0.928289502340867,0.8816828178203142,1.0,0.7353193303807748,0.7561816278978114,0.7126969935971609,0.7556150421202344,0.7204677659551754,0.7437045521814517,0.6749501063472604,0.5555376451600181,0.7274996250710201,0.6161634929917804
0.6211009779821606,0.6199084055752787,0.6442614669807862,0.6254031892630835,0.7384842242928302,0.7358946687678164,0.7573807224385914,0.7353193303807748,1.0,0.6926474383710719,0.6884866211278257,0.7079805132007735,0.6540118855298068,0.6811284290823828,0.5824536418047422,0.5612395631871386,0.6691071089259774,0.6323199214681089
0.6510639394752077,0.6192918185845571,0.5583366676928533,0.5622210146683,0.7532882704944669,0.7666512008869256,0.798885880151793,0.7561816278978114,0.6926474383710719,1.0,0.6911632815483716,0.6893651711912687,0.7082889624103291,0.6967257627385837,0.6410372418430486,0.48344461426576074,0.7045380885154141,0.7179171754178606
0.7363213244649546,0.7337472992336783,0.6998327032655475,0.7001064509000331,0.6923398053988321,0.69127944295204,0.6916838851440144,0.7126969935971609,0.6884866211278257,0.6911632815483716,1.0,0.7680026562344723,0.7322030137651453,0.7741427674488411,0.6229485041836832,0.5814230616003763,0.6481250034332137,0.5651427180762353
0.7204406312949656,0.7241536135602086,0.6734820427707128,0.7087957457217618,0.7047066501076644,0.7328518306685491,0.7052564284145232,0.7556150421202344,0.7079805132007735,0.6893651711912687,0.7680026562344723,1.0,0.749149170007616,0.8637705038696405,0.6284843021917598,0.6032698984081217,0.6739944097942914,0.5785258169825972
0.7127339705656124,0.7303495511080608,0.6791340821790454,0.687631228310313,0.6981218696104406,0.7249611601082216,0.7136748651283961,0.7237472764847247,0.6577365178433111,0.7116030184681627,0.7352579939071253,0.7520533257881356,1.0,0.7462994157936865,0.659489051957701,0.6014907301846913,0.6786279616719559,0.5854874185434906
0.7278181964468051,0.7066676869929788,0.7043486139771057,0.6918694049988918,0.7143911989699774,0.7236934889515293,0.7095732655522471,0.7437045521814517,0.6811284290823828,0.6967257627385837,0.7741427674488411,0.8637705038696405,0.7433253054437315,1.0,0.6504790995883488,0.5735038108807459,0.6935751211499529,0.5842608692299834
0.586734281386735,0.6359229057731719,0.6369779003955464,0.6317337264610711,0.6897636068508125,0.674786130717053,0.648902213835286,0.6791221166065134,0.5869389042845964,0.6452159384262903,0.6270135071553266,0.6327393685826443,0.6598760626482392,0.6544931020701806,1.0,0.6544080837360603,0.7834651593325667,0.5545595586196179
0.56631320835906,0.663070316816598,0.6975522872692596,0.7206347249164825,0.5673935629075181,0.5489428672367195,0.5228078625707532,0.5555376451600181,0.5612395631871386,0.48344461426576074,0.5814230616003763,0.6032698984081217,0.5973701085586245,0.5735038108807459,0.6503504935137339,1.0,0.599148229941367,0.4399279105656197
0.6308695002212449,0.6421756940515179,0.6313130698636689,0.6323521605121695,0.7638495685753978,0.7350390476918469,0.7407681803667098,0.729929656693054,0.6715552652072757,0.7070018473992753,0.650808301405387,0.6766496206632685,0.6776986665887378,0.6960570689314584,0.782466151930698,0.6021090609482873,1.0,0.5933467955877871
0.6098686718147349,0.5144414903748352,0.4779059190762,0.4714098806257274,0.6179810940612683,0.63627473258657,0.667876244114146,0.6161634929917804,0.6323199214681089,0.7179171754178606,0.5651427180762353,0.5785258169825972,0.5814147234524097,0.5842608692299834,0.55016097959522,0.4399279105656197,0.5904949535445662,1.0
1.0,0.6697997624280326,0.7601109454306029,0.6948916409737761,0.6483123940614498,0.6403067810333555,0.6655159544716929,0.5982018731847534,0.6211331800194286,0.6733215754547851,0.6764207309017382,0.6608467595619919,0.6842313723467223,0.6926371030046742,0.7112178499829406,0.6611997120972454,0.7079494126912724,0.6817676529261355
0.6516955733651738,1.0,0.6858724800291505,0.8555043574524998,0.5514683599229163,0.553711447327348,0.5718690080314666,0.512486076881603,0.5400897171313773,0.5752840364643749,0.5989844773022382,0.6356980173886995,0.6614452045301528,0.6608280136352921,0.6476436333274188,0.6856211500693291,0.6436366206552349,0.6121108527260489
0.745883950464885,0.6858724800291505,1.0,0.7092847955037476,0.6681551604753165,0.6833456927153382,0.69610319418017,0.6495756488511507,0.6427266853209365,0.6881510148773266,0.7058341075059328,0.6479602248119987,0.6551147490981393,0.6536387252342477,0.7138015199661374,0.6980286727947425,0.7374248829259562,0.6927662871917956
0.6770710617234554,0.8555043574524998,0.7092847955037476,1.0,0.5608677494476884,0.5511989838961577,0.5725214741712875,0.5110892744525243,0.5600625287955854,0.5983070657133199,0.6305369379151071,0.6646002245620363,0.7075576541208625,0.6860809068209669,0.6499609933989445,0.6861311404069338,0.6500622645536706,0.6076349088385423
0.6298505487543965,0.5514683599229163,0.6681551604753165,0.5608677494476884,1.0,0.8884563056708593,0.8380390814581299,0.8442129487368847,0.7334379328972163,0.8200917520525347,0.6840399969585711,0.6968462019660393,0.6683834990322328,0.71195960020275,0.689619600389277,0.6913030343335689,0.6677666951428619,0.7730215659127033
0.6214876407568616,0.553711447327348,0.6833456927153382,0.5511989838961577,0.8884563056708593,1.0,0.835036672332747,0.8766395652849664,0.73466403254843,0.8393703881566981,0.684584849056267,0.7035508532032381,0.6403180250525959,0.6897282594220417,0.698950761853557,0.67757977714129,0.691260593826188,0.7767783178316178
0.6470319861690138,0.5718690080314666,0.69610319418017,0.5725214741712875,0.8380390814581299,0.835036672332747,1.0,0.796537788922609,0.7554436929442905,0.8193223081748165,0.7040118347286827,0.721858502975766,0.6457908956839719,0.7417028150040833,0.7099189136833551,0.6692063070115584,0.7171362856621473,0.7561300446074878
0.5781631646325621,0.512486076881603,0.6495756488511507,0.5110892744525243,0.8442129487368847,0.8766395652849664,0.796537788922609,1.0,0.7186394138061427,0.8075320797008775,0.6563258667114731,0.6759160926771228,0.6302484390346669,0.6508232136434988,0.6880738178938955,0.6574056778285854,0.659148519382378,0.7565668395074662
0.6160394704684201,0.555545073993499,0.6556884715649541,0.5753797788675329,0.7445388967586982,0.7456331018531083,0.7660799473017379,0.7298210915594442,1.0,0.7515363763934951,0.7477645880884193,0.7261907597807777,0.6389498605348759,0.7121811628995743,0.6622802955063056,0.6310894490420446,0.6929078427549556,0.7026577521348049
0.6554384379630115,0.5752840364643749,0.6881510148773266,0.5983070657133199,0.8200917520525347,0.8393703881566981,0.8193223081748165,0.8075320797008775,0.7405734341361029,1.0,0.7393746188289786,0.7192468811570955,0.6624823326076872,0.727407226701081,0.7212660688511757,0.7098560048310278,0.7277147598997765,0.7653493314955794
0.6718724786270164,0.6133203699935411,0.7169999422976607,0.6441885517094961,0.696470529488796,0.6971345875764442,0.7165819371091247,0.669384079955533,0.7477645880884193,0.7504934282013349,1.0,0.6600419441021126,0.6412479470819444,0.6862397411799878,0.6629530359377077,0.6756233235581616,0.7084474546062287,0.7076933414218135
0.6427159529650425,0.6356980173886995,0.6479602248119987,0.6646002245620363,0.6968462019660393,0.7035508532032381,0.721858502975766,0.6759160926771228,0.7141611323986291,0.7192468811570955,0.6461128418210467,1.0,0.6986411013719103,0.8690998887090072,0.620528152525119,0.6534068984935231,0.6200420132555847,0.6891879972519531
0.666622478709712,0.6614452045301528,0.6551147490981393,0.7075576541208625,0.6683834990322328,0.6403180250525959,0.6457908956839719,0.6302484390346669,0.6253549579872929,0.6624823326076872,0.6276435403347566,0.6986411013719103,1.0,0.6998805647237795,0.61067664337929,0.6556520073981192,0.6150552697999793,0.64117661796544
0.6760686134091712,0.6608280136352921,0.6536387252342477,0.6860809068209669,0.71195960020275,0.6897282594220417,0.7417028150040833,0.6508232136434988,0.6997002212152467,0.727407226701081,0.6727860586853197,0.8690998887090072,0.6998805647237795,1.0,0.644426808811113,0.6695311265784998,0.6402927024428885,0.6960461030366822
0.694390524964852,0.6476436333274188,0.7138015199661374,0.6499609933989445,0.689619600389277,0.698950761853557,0.7099189136833551,0.6880738178938955,0.6493797852888776,0.7212660688511757,0.6500547252523039,0.620528152525119,0.61067664337929,0.644426808811113,1.0,0.7981265302641344,0.7995199239356916,0.7497017013592666
0.6421943196044789,0.6856211500693291,0.6980286727947425,0.6861311404069338,0.6913030343335689,0.67757977714129,0.6692063070115584,0.6574056778285854,0.6170765844097623,0.7098560048310278,0.6635234525580255,0.6534068984935231,0.6556520073981192,0.6695311265784998,0.7981265302641344,1.0,0.7561277023868094,0.7204632472865207
0.691143465575815,0.6436366206552349,0.7374248829259562,0.6500622645536706,0.6677666951428619,0.691260593826188,0.7171362856621473,0.659148519382378,0.6809239326899302,0.7277147598997765,0.6963681341139433,0.6200420132555847,0.6150552697999793,0.6402927024428885,0.7995199239356916,0.7561277023868094,1.0,0.707193010199326
0.664715450343743,0.6121108527260489,0.6927662871917956,0.6076349088385423,0.7730215659127033,0.7767783178316178,0.7561300446074878,0.7565668395074662,0.6906069762512078,0.7653493314955794,0.6958987608829416,0.6891879972519531,0.64117661796544,0.6960461030366822,0.7497017013592666,0.7204632472865207,0.707193010199326,1.0
1.0,0.6485018047204214,0.8012775242714536,0.7193097022292118,0.6148634552106458,0.5921887295177858,0.6089013353910834,0.6241468386369221,0.6154925765717159,0.5760028023704246,0.6618451929892779,0.5956905499158193,0.6794744237180025,0.6136566471365555,0.5806250110439164,0.5072116996561397,0.6348079748100786,0.49865283491518614
0.644871917380885,1.0,0.6810111070293366,0.8272641241278741,0.6182269284612733,0.6412172916683532,0.6446057417067482,0.6890892711431377,0.7673578316428052,0.6366363843054778,0.665349322802244,0.6896307055006005,0.6649220915912033,0.690281110320389,0.7012879073061825,0.6646534200498689,0.6373835946700321,0.666800780769905
0.7986610515252295,0.6810111070293366,1.0,0.752206664210648,0.5688891836738436,0.5440074606839317,0.5578405938071632,0.6023541985095099,0.641253547013456,0.5362252486912963,0.6842958941007354,0.5991896056559095,0.683527900514099,0.6171860138739295,0.6065339277293357,0.5375932543481484,0.6205598898035811,0.5362165844112543
0.716047812776423,0.8272641241278741,0.752206664210648,1.0,0.6258573934798285,0.6151557245425651,0.6331247937411816,0.6526181390815249,0.7130261854302345,0.6075373458124376,0.7548795314071644,0.6921740351652336,0.730301263824528,0.6866922550179299,0.6819785437312976,0.587945623839424,0.6633833464829957,0.5869104005593594
0.6110329484080986,0.6182269284612733,0.5688891836738436,0.6258573934798285,1.0,0.8661925583768536,0.8567410607320728,0.7386989497139305,0.6962247452005101,0.83799527789759,0.6517663859345793,0.7571105109849583,0.7253000796423853,0.7647947746462146,0.647270438608249,0.6304044799615277,0.6741992303818268,0.6272608411913648
0.5921887295177858,0.6448783235924606,0.5481746024103745,0.6191396190870219,0.8681252011492703,1.0,0.912241146862596,0.7242158574601466,0.6801311282650171,0.8948535102160614,0.6175758970577884,0.7704842485776898,0.6895689448584698,0.7776668004469752,0.6340363701583724,0.6109529404330202,0.6998375799871291,0.6265841838605594
0.6089013353910834,0.6482577570728175,0.5619749924069287,0.6369770243949936,0.8588885280606137,0.912241146862596,1.0,0.753453439069248,0.6831799980800929,0.852582317230593,0.6269356815236025,0.7465973237603384,0.6995681793442888,0.7528795352136957,0.657098339854338,0.6150485736450372,0.7117368008840307,0.6314288691122667
0.623774350905918,0.6921238632717834,0.6056136814957743,0.6559250763820238,0.7416038299375495,0.7238539458076444,0.7531232546259456,1.0,0.831558608384069,0.7511967835707312,0.603378587442034,0.6287242401663341,0.6928940894274974,0.669276845122341,0.686252628958802,0.71566019133437,0.6470533990318059,0.7084241761993711
0.6205510560142984,0.773844958743496,0.6493619385026062,0.7206537767854293,0.7042165971818312,0.68498870590279,0.6881400332604256,0.8350565976852717,1.0,0.6674666206850154,0.6377549316535394,0.634386391435128,0.7258908545558339,0.6798703379497769,0.6922368862945872,0.7055674479744555,0.6052003378806017,0.7193979484647874
0.5720607173477329,0.6366363843054778,0.5362252486912963,0.6075373458124376,0.83799527789759,0.8932488389530547,0.8504527469393635,0.7485306617242192,0.6586579839987247,1.0,0.6033959218777746,0.7532042476543633,0.664377359210418,0.7588201868720649,0.6354670985537897,0.6327678859609291,0.7124337314634781,0.6273395824281187
0.6668742254572065,0.6743903815552331,0.6926871315348575,0.7616840863184934,0.6603361347417079,0.6229774295830633,0.6322272279362097,0.6092637080431552,0.637786697692702,0.6126371472274257,1.0,0.6737066372927972,0.7090427941988748,0.654846882477378,0.6509395923790889,0.574243956338241,0.6353218539842715,0.567393503798112
0.5916134428484964,0.6896307055006005,0.5991896056559095,0.6921740351652336,0.7571105109849583,0.7676109472904727,0.7434712350610564,0.6250751768257454,0.6249950405941266,0.7532042476543633,0.6654377129747141,1.0,0.6349571520955059,0.8690531255197204,0.5916101593490538,0.5294796252395999,0.6803815222605424,0.5461443327813682
0.6759573909872468,0.6649220915912033,0.683527900514099,0.730301263824528,0.7253000796423853,0.6864513822613855,0.6964276997114993,0.6898257665598374,0.7184748434095597,0.664377359210418,0.7012657832221638,0.6349571520955059,1.0,0.6324572052664617,0.6720083093760332,0.6390830975173406,0.65580725334942,0.6538139528171909
0.6097998478501743,0.690281110320389,0.6171860138739295,0.6866922550179299,0.7647947746462146,0.7748737870771647,0.7497629979047679,0.6658936726732982,0.6713765825066081,0.7588201868720649,0.6460358541501816,0.8690531255197204,0.6324572052664617,1.0,0.5976107509501459,0.5474618478697529,0.6751682180371965,0.5571890936118763
